2 0.13828125 0.21640625 0.0796875 0.06875
2 0.309375 0.1953125 0.184375 0.16171875
2 0.6953125 0.19296875 0.18125 0.16015625
2 0.8671875 0.21875 0.07890625 0.06953125
2 0.50078125 0.340625 0.1828125 0.1609375
2 0.30390625 0.4953125 0.18203125 0.16171875
2 0.6921875 0.4953125 0.1828125 0.1640625
2 0.49765625 0.64375 0.18515625 0.1671875
2 0.13046875 0.76953125 0.0796875 0.06953125
2 0.30234375 0.79375 0.1828125 0.16484375
2 0.68984375 0.79453125 0.184375 0.16015625
2 0.8625 0.771875 0.0796875 0.06875