0 0.10546875 0.1859375 0.16953125 0.11953125
0 0.3125 0.11171875 0.28828125 0.1984375
0 0.69453125 0.11171875 0.2859375 0.196875
0 0.503125 0.25390625 0.28671875 0.19609375
0 0.6953125 0.3921875 0.28828125 0.196875
0 0.309375 0.39296875 0.2875 0.196875
0 0.309375 0.60859375 0.2875 0.196875
0 0.69453125 0.6078125 0.2875 0.19765625
0 0.49921875 0.7484375 0.2859375 0.19765625
0 0.8953125 0.81328125 0.16796875 0.11640625
0 0.30625 0.8890625 0.28671875 0.196875
0 0.6921875 0.88828125 0.28671875 0.19609375