6 0.2140625 0.3984375 0.040625 0.09921875
6 0.1296875 0.390625 0.01875 0.046875
6 0.2125 0.77265625 0.040625 0.1015625
1 0.2671875 0.40546875 0.01640625 0.04609375
1 0.35078125 0.41328125 0.0421875 0.1078125
1 0.35390625 0.77421875 0.04296875 0.11015625
0 0.51875 0.41328125 0.040625 0.0984375
0 0.4375 0.4109375 0.01796875 0.04296875
0 0.51953125 0.784375 0.040625 0.096875
2 0.678125 0.778125 0.03984375 0.09609375
2 0.67265625 0.4109375 0.03984375 0.09375
2 0.59375 0.41171875 0.0171875 0.04375
2 0.75625 0.77578125 0.01640625 0.04453125