2 0.86875 0.2671875 0.05 0.103125
2 0.9078125 0.27265625 0.0203125 0.046875
2 0.74140625 0.7265625 0.05 0.1078125
2 0.7015625 0.725 0.021875 0.0453125
2 0.67265625 0.253125 0.021875 0.046875
2 0.6328125 0.2453125 0.05 0.0984375
2 0.50234375 0.7125 0.0484375 0.1046875
2 0.46328125 0.70546875 0.0203125 0.046875
2 0.4359375 0.27421875 0.021875 0.046875
2 0.39765625 0.265625 0.0484375 0.1015625
2 0.265625 0.73125 0.046875 0.103125
2 0.22890625 0.72109375 0.021875 0.0515625
3 0.228125 0.7890625 0.0203125 0.0640625
3 0.4375 0.20625 0.021875 0.0671875
4 0.675 0.18671875 0.021875 0.0640625
4 0.46171875 0.77265625 0.025 0.0625
5 0.69765625 0.7890625 0.0234375 0.075
5 0.9109375 0.20703125 0.0234375 0.0734375