2 0.24921875 0.3171875 0.0453125 0.07734375
2 0.209375 0.32265625 0.0171875 0.03671875
2 0.36484375 0.7359375 0.0515625 0.10546875
2 0.40859375 0.7265625 0.0203125 0.046875
4 0.2109375 0.2703125 0.01953125 0.0484375
4 0.409375 0.79765625 0.0234375 0.06484375
4 0.45 0.28671875 0.01953125 0.05078125
4 0.67265625 0.79921875 0.025 0.06875
1 0.45 0.3390625 0.01875 0.03984375
1 0.4890625 0.33984375 0.0421875 0.09296875
1 0.62578125 0.73515625 0.046875 0.12421875
1 0.66796875 0.73203125 0.01953125 0.05078125