3 0.06953125 0.23125 0.0203125 0.0640625
3 0.22890625 0.76796875 0.01875 0.06328125
3 0.278125 0.2390625 0.015625 0.05390625
3 0.45 0.78125 0.01640625 0.0609375
3 0.675 0.78828125 0.0203125 0.06640625
3 0.71015625 0.27421875 0.0171875 0.06015625
3 0.8984375 0.82109375 0.0171875 0.0625
6 0.10234375 0.28671875 0.04140625 0.1015625
6 0.0671875 0.29140625 0.0171875 0.04375
6 0.1953125 0.7015625 0.0421875 0.1078125
6 0.23125 0.7046875 0.0171875 0.04765625
1 0.2765625 0.296875 0.0140625 0.04453125
1 0.309375 0.303125 0.03984375 0.1109375
1 0.415625 0.71171875 0.04140625 0.115625
1 0.45 0.7203125 0.0171875 0.046875
3 0.490625 0.25 0.01875 0.06171875
0 0.48984375 0.31171875 0.0203125 0.04609375
0 0.5265625 0.29765625 0.04453125 0.10234375
0 0.63515625 0.73046875 0.0453125 0.109375
0 0.67421875 0.72265625 0.02109375 0.04921875
2 0.74453125 0.33125 0.04140625 0.0921875
2 0.709375 0.3375 0.01796875 0.04375
2 0.86171875 0.765625 0.04296875 0.096875
2 0.8984375 0.75625 0.01796875 0.0453125