4 0.484375 0.13359375 0.028125 0.0734375
4 0.58359375 0.8546875 0.03125 0.0765625
2 0.475 0.20078125 0.0234375 0.053125
2 0.51640625 0.2140625 0.053125 0.109375
2 0.55078125 0.76953125 0.0546875 0.1171875
2 0.59375 0.784375 0.0234375 0.0515625
2 0.63984375 0.234375 0.053125 0.1109375
2 0.6015625 0.2609375 0.0234375 0.053125
2 0.80390625 0.66640625 0.0515625 0.115625
2 0.84140625 0.634375 0.021875 0.053125
2 0.271875 0.3609375 0.0546875 0.1171875
2 0.2296875 0.38203125 0.0234375 0.0515625
2 0.42109375 0.80390625 0.05625 0.121875
2 0.4625 0.784375 0.0234375 0.0546875
5 0.2296875 0.3140625 0.0265625 0.071875
5 0.46328125 0.85546875 0.028125 0.0765625
3 0.84296875 0.70625 0.021875 0.0765625
3 0.60078125 0.190625 0.021875 0.0765625