5 0.84375 0.1375 0.03125 0.0640625
5 0.7546875 0.728125 0.0359375 0.0859375
2 0.8125 0.19609375 0.059375 0.0953125
2 0.8546875 0.19296875 0.025 0.0421875
2 0.78984375 0.653125 0.06875 0.121875
2 0.74375 0.6578125 0.0296875 0.053125
2 0.61328125 0.21015625 0.0234375 0.0421875
2 0.571875 0.21015625 0.059375 0.09375
2 0.51484375 0.68046875 0.0671875 0.11875
2 0.46953125 0.6796875 0.0296875 0.0515625
2 0.33671875 0.26328125 0.0578125 0.096875
2 0.3765625 0.26484375 0.025 0.0453125
2 0.24609375 0.74296875 0.0671875 0.1171875
2 0.20390625 0.73828125 0.0296875 0.0546875
3 0.21015625 0.8140625 0.03125 0.078125
3 0.3671875 0.20390625 0.0265625 0.0609375
4 0.478125 0.75546875 0.034375 0.075
4 0.6046875 0.153125 0.028125 0.05625