3 0.98203125 0.34296875 0.0359375 0.0671875
3 0.6984375 0.82578125 0.0328125 0.065625
3 0.778125 0.30078125 0.028125 0.05625
3 0.48046875 0.78515625 0.03125 0.0625
3 0.26015625 0.7375 0.0359375 0.06875
3 0.35078125 0.23046875 0.03125 0.0625
3 0.0359375 0.71484375 0.03125 0.0640625
6 0.9375 0.3890625 0.0640625 0.1078125
6 0.9703125 0.40234375 0.0265625 0.046875
6 0.746875 0.76953125 0.0671875 0.1140625
6 0.7109375 0.76328125 0.028125 0.05
1 0.765625 0.35703125 0.025 0.046875
1 0.7328125 0.35546875 0.065625 0.1171875
1 0.53046875 0.72578125 0.06875 0.121875
1 0.4953125 0.72578125 0.028125 0.05
3 0.56953125 0.259375 0.0328125 0.0640625
0 0.55546875 0.31953125 0.03125 0.05
0 0.5234375 0.296875 0.0671875 0.109375
0 0.31328125 0.690625 0.0703125 0.1171875
0 0.27734375 0.67421875 0.0328125 0.053125
2 0.30390625 0.27734375 0.0625 0.1
2 0.3359375 0.29140625 0.028125 0.046875
2 0.084375 0.6703125 0.065625 0.1046875
2 0.0515625 0.65234375 0.028125 0.0484375