6 0.77578125 0.37421875 0.0484375 0.103125
6 0.859375 0.35859375 0.0234375 0.0484375
6 0.81015625 0.746875 0.05 0.1046875
1 0.7234375 0.38515625 0.0203125 0.046875
1 0.64140625 0.40078125 0.0515625 0.1109375
1 0.66953125 0.76015625 0.053125 0.1140625
0 0.4734375 0.415625 0.0484375 0.1015625
0 0.5546875 0.40546875 0.021875 0.04375
0 0.50546875 0.78515625 0.0484375 0.1
2 0.346875 0.79296875 0.0484375 0.0984375
2 0.3203125 0.4265625 0.0484375 0.096875
2 0.39921875 0.4203125 0.0203125 0.0453125
2 0.26875 0.796875 0.0203125 0.0453125