1 0.67421875 0.7328125 0.103125 0.0578125
1 0.68828125 0.7015625 0.0453125 0.025
1 0.28515625 0.73046875 0.1078125 0.0609375
1 0.27265625 0.76171875 0.046875 0.025
6 0.7265625 0.546875 0.1 0.059375
6 0.7375 0.51796875 0.0421875 0.0234375
6 0.3390625 0.5453125 0.1 0.059375
6 0.33203125 0.5765625 0.040625 0.0234375
2 0.3921875 0.36640625 0.0921875 0.0578125
2 0.38828125 0.3984375 0.040625 0.025
2 0.77109375 0.3578125 0.090625 0.0578125
2 0.77421875 0.325 0.0390625 0.0234375
0 0.421875 0.16953125 0.0984375 0.059375
0 0.425 0.20546875 0.04375 0.0265625
0 0.81015625 0.16953125 0.09375 0.0578125
0 0.81171875 0.13671875 0.04375 0.025
5 0.22109375 0.74765625 0.059375 0.0296875
5 0.7375 0.71328125 0.0578125 0.03125
5 0.27890625 0.56484375 0.0609375 0.03125
5 0.78984375 0.5296875 0.0609375 0.03125
5 0.33671875 0.38671875 0.0609375 0.0296875
5 0.825 0.3359375 0.0578125 0.0296875
5 0.36875 0.19296875 0.0578125 0.03125
5 0.865625 0.1484375 0.0578125 0.03125