6 0.221875 0.37890625 0.046875 0.1015625
6 0.13828125 0.36484375 0.021875 0.0484375
6 0.19453125 0.7515625 0.046875 0.1046875
1 0.27421875 0.38984375 0.0203125 0.046875
1 0.35703125 0.403125 0.05 0.1109375
1 0.33515625 0.76328125 0.05 0.1125
0 0.525 0.41484375 0.046875 0.1015625
0 0.44375 0.40703125 0.0203125 0.04375
0 0.5 0.78515625 0.046875 0.1
2 0.65859375 0.78984375 0.046875 0.0984375
2 0.678125 0.4234375 0.046875 0.096875
2 0.6 0.41875 0.0203125 0.0453125
2 0.73671875 0.79296875 0.01875 0.0453125