5 0.109375 0.1890625 0.02265625 0.0609375
5 0.2796875 0.76171875 0.02421875 0.08359375
2 0.1484375 0.2421875 0.046875 0.08984375
2 0.10625 0.2453125 0.01953125 0.03984375
2 0.234375 0.6921875 0.05390625 0.11484375
2 0.28046875 0.68984375 0.02265625 0.05
2 0.34765625 0.22890625 0.01796875 0.040625
2 0.38828125 0.22265625 0.046875 0.0875
2 0.51015625 0.68046875 0.05234375 0.1125
2 0.55546875 0.6734375 0.02265625 0.04921875
2 0.62890625 0.24296875 0.04609375 0.090625
2 0.58984375 0.25 0.01953125 0.04296875
2 0.78515625 0.70546875 0.0515625 0.11171875
2 0.8265625 0.69453125 0.02265625 0.05234375
3 0.83046875 0.77109375 0.0203125 0.07578125
3 0.590625 0.18828125 0.01796875 0.05859375
4 0.55703125 0.75 0.025 0.071875
4 0.3484375 0.17109375 0.02109375 0.05390625