4 0.46484375 0.13515625 0.025 0.07265625
4 0.60234375 0.85 0.028125 0.075
2 0.459375 0.20234375 0.0203125 0.0515625
2 0.5015625 0.21328125 0.04765625 0.10703125
2 0.56484375 0.76640625 0.0484375 0.1140625
2 0.60859375 0.77890625 0.0203125 0.05
2 0.62578125 0.22734375 0.046875 0.109375
2 0.5890625 0.25625 0.0203125 0.05234375
2 0.8125 0.65 0.04609375 0.11328125
2 0.84765625 0.61640625 0.01953125 0.0515625
2 0.26484375 0.3734375 0.04921875 0.11484375
2 0.22421875 0.39609375 0.0203125 0.05
2 0.4375 0.8078125 0.05 0.11875
2 0.47734375 0.7859375 0.0203125 0.053125
5 0.2203125 0.328125 0.0234375 0.0703125
5 0.48203125 0.85703125 0.02421875 0.075
3 0.853125 0.68828125 0.01875 0.075
3 0.584375 0.1859375 0.01875 0.075