5 0.95390625 0.29296875 0.0375 0.0640625
5 0.65078125 0.80703125 0.04375 0.0875
2 0.903125 0.33515625 0.0671875 0.0984375
2 0.94375 0.3484375 0.028125 0.04375
2 0.7109375 0.75078125 0.0796875 0.125
2 0.6671875 0.7375 0.034375 0.0546875
2 0.71328125 0.2734375 0.0265625 0.04375
2 0.67578125 0.2578125 0.0671875 0.096875
2 0.446875 0.67265625 0.078125 0.121875
2 0.40390625 0.6546875 0.034375 0.053125
2 0.43671875 0.21953125 0.0671875 0.0984375
2 0.4734375 0.2359375 0.0296875 0.046875
2 0.1734375 0.63046875 0.0765625 0.1203125
2 0.1359375 0.609375 0.034375 0.05625
3 0.1140625 0.6828125 0.0375 0.078125
3 0.4875 0.17578125 0.03125 0.0609375
4 0.384375 0.72890625 0.0421875 0.0765625
4 0.7265625 0.2171875 0.0328125 0.0578125