3 0.915625 0.209375 0.0234375 0.065625
3 0.784375 0.753125 0.021875 0.0640625
3 0.7078125 0.228125 0.01875 0.0546875
3 0.56484375 0.778125 0.0203125 0.0609375
3 0.340625 0.796875 0.0234375 0.0671875
3 0.278125 0.28515625 0.0203125 0.0609375
3 0.11875 0.84140625 0.0203125 0.0640625
6 0.8859375 0.26640625 0.046875 0.103125
6 0.92109375 0.26875 0.01875 0.0453125
6 0.81484375 0.68515625 0.0484375 0.109375
6 0.77890625 0.690625 0.0203125 0.0484375
1 0.7125 0.28515625 0.015625 0.0453125
1 0.6796875 0.29375 0.0453125 0.1125
1 0.5953125 0.70703125 0.046875 0.1171875
1 0.56171875 0.7171875 0.0203125 0.0484375
3 0.49609375 0.25 0.021875 0.0625
0 0.5 0.31171875 0.0234375 0.046875
0 0.4625 0.29921875 0.05 0.1046875
0 0.37734375 0.7375 0.0515625 0.1109375
0 0.3375 0.73125 0.0234375 0.05
2 0.246875 0.34453125 0.046875 0.09375
2 0.28203125 0.3484375 0.0203125 0.0453125
2 0.15234375 0.784375 0.0484375 0.0984375
2 0.115625 0.7765625 0.0203125 0.046875