4 0.39609375 0.8515625 0.0390625 0.0765625
4 0.6671875 0.17578125 0.0421875 0.0796875
2 0.403125 0.784375 0.0296875 0.0546875
2 0.446875 0.78203125 0.0671875 0.1140625
2 0.61484375 0.25078125 0.06875 0.121875
2 0.66015625 0.246875 0.0296875 0.053125
2 0.57109375 0.79140625 0.0671875 0.115625
2 0.540625 0.75625 0.0296875 0.0546875
2 0.83515625 0.4125 0.0671875 0.1203125
2 0.86328125 0.45234375 0.0296875 0.0546875
2 0.2453125 0.5796875 0.0703125 0.121875
2 0.209375 0.54921875 0.0296875 0.053125
2 0.49765625 0.1859375 0.071875 0.1265625
2 0.53203125 0.21484375 0.0296875 0.05625
5 0.19296875 0.615625 0.0359375 0.0734375
5 0.55078125 0.14609375 0.0375 0.078125
3 0.8828125 0.3828125 0.0328125 0.0765625
3 0.52265625 0.82421875 0.0328125 0.0765625