2 0.13984375 0.2546875 0.04609375 0.10234375
2 0.1 0.25859375 0.01796875 0.04609375
2 0.25078125 0.71796875 0.04609375 0.10703125
2 0.290625 0.71796875 0.01953125 0.0453125
2 0.3359375 0.246875 0.01953125 0.04609375
2 0.37578125 0.240625 0.04609375 0.09765625
2 0.490625 0.7125 0.0453125 0.103125
2 0.5296875 0.70625 0.01875 0.04609375
2 0.571875 0.2765625 0.0203125 0.046875
2 0.61015625 0.26953125 0.04453125 0.1
2 0.72578125 0.7390625 0.04296875 0.1015625
2 0.76328125 0.73046875 0.01953125 0.05078125
3 0.76171875 0.7984375 0.01796875 0.0640625
3 0.57265625 0.20859375 0.0203125 0.06640625
4 0.3359375 0.18046875 0.01953125 0.0640625
4 0.52890625 0.77421875 0.02265625 0.0625
5 0.2921875 0.78203125 0.02109375 0.07421875
5 0.09921875 0.19296875 0.02109375 0.07265625