2 0.8328125 0.78125 0.05625 0.10625
2 0.87265625 0.78203125 0.0234375 0.0484375
2 0.7703125 0.309375 0.05625 0.1109375
2 0.73125 0.30546875 0.0234375 0.046875
2 0.63671875 0.76875 0.025 0.0484375
2 0.59609375 0.77109375 0.05625 0.1015625
2 0.53125 0.28984375 0.05625 0.1078125
2 0.4921875 0.29140625 0.0234375 0.0484375
2 0.40546875 0.71484375 0.025 0.0484375
2 0.36640625 0.71796875 0.0546875 0.1046875
2 0.30078125 0.23828125 0.053125 0.10625
2 0.2625 0.24296875 0.025 0.053125
3 0.27109375 0.17578125 0.025 0.065625
3 0.39765625 0.78203125 0.0265625 0.06875
4 0.6296875 0.83515625 0.0265625 0.065625
4 0.5 0.22421875 0.0296875 0.0640625
5 0.7359375 0.24140625 0.028125 0.0765625
5 0.86640625 0.846875 0.028125 0.075