1 0.725 0.68359375 0.09765625 0.0359375
1 0.73125 0.65 0.0421875 0.015625
1 0.34765625 0.77578125 0.1015625 0.03671875
1 0.34296875 0.80859375 0.04375 0.015625
6 0.73125 0.490625 0.09375 0.0375
6 0.73515625 0.46015625 0.03984375 0.01484375
6 0.3546875 0.5828125 0.09296875 0.03828125
6 0.35546875 0.61484375 0.0375 0.01484375
2 0.36328125 0.39609375 0.0859375 0.03828125
2 0.3671875 0.428125 0.03828125 0.015625
2 0.72890625 0.29609375 0.084375 0.03828125
2 0.7234375 0.2640625 0.03671875 0.01484375
0 0.34453125 0.1984375 0.09140625 0.03828125
0 0.35625 0.23203125 0.04140625 0.01640625
0 0.72109375 0.1046875 0.08671875 0.0375
0 0.71484375 0.071875 0.040625 0.01640625
5 0.2890625 0.8078125 0.05703125 0.01640625
5 0.78203125 0.64921875 0.05546875 0.01796875
5 0.3015625 0.61640625 0.05859375 0.0171875
5 0.78828125 0.45859375 0.0578125 0.0171875
5 0.3140625 0.4296875 0.05859375 0.01640625
5 0.77578125 0.2625 0.05625 0.01640625
5 0.2984375 0.23359375 0.0546875 0.01796875
5 0.76953125 0.0703125 0.05546875 0.01875