2 0.45859375 0.29609375 0.065625 0.1125
2 0.42109375 0.31171875 0.0296875 0.0515625
2 0.6796875 0.74921875 0.0671875 0.115625
2 0.7171875 0.73046875 0.0296875 0.053125
1 0.42265625 0.76328125 0.071875 0.1390625
1 0.4640625 0.7640625 0.028125 0.05625
1 0.21015625 0.32890625 0.0703125 0.134375
1 0.17265625 0.33046875 0.0265625 0.053125
3 0.16015625 0.26328125 0.028125 0.0640625
3 0.478125 0.8328125 0.03125 0.071875
3 0.73046875 0.80234375 0.0328125 0.0734375
3 0.4078125 0.23984375 0.0328125 0.0734375