1 0.4734375 0.31640625 0.03359375 0.0875
1 0.44296875 0.3171875 0.0140625 0.0375
1 0.56953125 0.64375 0.0359375 0.0953125
1 0.60078125 0.63984375 0.015625 0.040625
1 0.41640625 0.6390625 0.01484375 0.0421875
1 0.384375 0.63828125 0.03671875 0.09609375
1 0.29765625 0.3046875 0.03359375 0.0828125
1 0.265625 0.30078125 0.0140625 0.03515625
5 0.26640625 0.2578125 0.01640625 0.04609375
5 0.41796875 0.68984375 0.01796875 0.05390625
4 0.60234375 0.69375 0.01796875 0.05390625
4 0.44296875 0.27109375 0.01484375 0.04609375