1 0.7625 0.6234375 0.103125 0.0578125
1 0.7609375 0.58984375 0.0453125 0.025
1 0.41875 0.8046875 0.1078125 0.0609375
1 0.42265625 0.8375 0.046875 0.025
6 0.721875 0.43515625 0.1 0.059375
6 0.71875 0.4046875 0.0421875 0.0234375
6 0.37890625 0.615625 0.1 0.059375
6 0.3875 0.64609375 0.040625 0.0234375
2 0.3421875 0.43203125 0.0921875 0.0578125
2 0.35390625 0.4625 0.040625 0.025
2 0.67265625 0.246875 0.090625 0.0578125
2 0.659375 0.2171875 0.0390625 0.0234375
0 0.2765625 0.2453125 0.0984375 0.059375
0 0.2953125 0.275 0.04375 0.0265625
0 0.61875 0.06328125 0.09375 0.0578125
0 0.6046875 0.0328125 0.04375 0.025
5 0.36953125 0.85 0.059375 0.0296875
5 0.809375 0.5765625 0.0578125 0.03125
5 0.3359375 0.6609375 0.0609375 0.03125
5 0.76953125 0.38984375 0.0609375 0.03125
5 0.30234375 0.4765625 0.0609375 0.0296875
5 0.71015625 0.203125 0.0578125 0.0296875
5 0.23984375 0.290625 0.0578125 0.03125
5 0.6578125 0.01796875 0.0578125 0.03125