6 0.359375 0.3296875 0.03984375 0.0796875
6 0.33359375 0.29609375 0.01484375 0.0296875
6 0.359375 0.43359375 0.04296875 0.0859375
6 0.4234375 0.40703125 0.03984375 0.08359375
6 0.3546875 0.5546875 0.04453125 0.09296875
6 0.290625 0.465625 0.04375 0.08515625
6 0.21953125 0.61328125 0.0484375 0.09375
6 0.2828125 0.7109375 0.04765625 0.09921875
6 0.3109375 0.75546875 0.01875 0.040625
1 0.5046875 0.496875 0.05703125 0.10078125
1 0.453125 0.6109375 0.06015625 0.10703125
1 0.39609375 0.7328125 0.0609375 0.11328125
1 0.52421875 0.67734375 0.06015625 0.10859375
1 0.51875 0.753125 0.0234375 0.0421875