6 0.615625 0.31171875 0.05 0.084375
6 0.63671875 0.275 0.01875 0.03125
6 0.6296875 0.41484375 0.0546875 0.090625
6 0.5625 0.39765625 0.0515625 0.0890625
6 0.6515625 0.53359375 0.0578125 0.0984375
6 0.70234375 0.43671875 0.0546875 0.090625
6 0.79375 0.5734375 0.0609375 0.1
6 0.74453125 0.67890625 0.0609375 0.1046875
6 0.72265625 0.7265625 0.025 0.0421875
1 0.4953125 0.49765625 0.0703125 0.1078125
1 0.56171875 0.603125 0.075 0.1140625
1 0.63515625 0.71640625 0.0765625 0.1203125
1 0.50078125 0.67890625 0.075 0.115625
1 0.51640625 0.753125 0.0296875 0.0453125