6 0.325 0.365625 0.05625 0.0859375
6 0.2921875 0.3390625 0.021875 0.0328125
6 0.34765625 0.4671875 0.0609375 0.09375
6 0.4046875 0.4265625 0.0578125 0.090625
6 0.37109375 0.5859375 0.0640625 0.1
6 0.28828125 0.51328125 0.0625 0.0921875
6 0.25234375 0.6734375 0.06875 0.1015625
6 0.3359375 0.7546875 0.06875 0.1078125
6 0.3734375 0.79140625 0.028125 0.04375
1 0.50390625 0.49609375 0.078125 0.1109375
1 0.47890625 0.61875 0.0828125 0.1171875
1 0.45078125 0.75 0.084375 0.1234375
1 0.56328125 0.6671875 0.0828125 0.11875
1 0.575 0.7421875 0.0328125 0.046875